1000000000
1010000000
1010100000
1010103000
1010103011
1010103012
1010103013
1010103014
1010103015
1010103016
1010103024
1010103025
1010103027
1010103028
1010103029
1010103030
1010103040
1010200000
1010201000
1010201046
1010201830
1010220000
1010220010
1010230000
1010230030
1010240000
1010240030
1010270000
1010270020
1010300000
1010320000
1010320011
1010320012
1010320014
1010320016
1010330000
1010330012
1020000000
1020100000
1020101000
1020101001
1020101002
1020102000
1020102001
1020102002
1020103000
1020103001
1020103002
1020104000
1020104001
1020104002
1020105000
1020105001
1020105002
1020106000
1020106001
1020106002
1020109000
1020109001
1020109002
1020110000
1020110001
1023000000
1023010000
1023010011
1023010012
1023010013
1023010014
1023010018
2000000000
2010000000
2011000000
2011010000
2011010011
2011010013
2011010030
2012000000
2012010000
2012010011
2012010012
2012010013
2012010014
2012020000
2012020011
2012020012
2012020013
2012020014
2013000000
2013010000
2013010010
2013010011
2013010012
2015000000
2015010000
2015010010
2015010030
2015020000
2015020003
2015020050
2015030000
2015030002
2016000000
2016010000
2016010011
2016010012
2016010013
2016010014
2020000000
2021000000
2021010000
2021010011
2021010012
2021010013
3000000000
3010000000
3010100000
3010101000
3010101001
3010101002
3010101003
3010200000
3010201000
3010201001
3020000000
3020200000
3020201000
3020201001
3020300000
3020301000
3020301001
3020500000
3020501000
3020501001
3030000000
3030100000
3030101000
3030101001
3030200000
3030201000
3030201001
