1|1|01/07/2020|748894012|CLAUDIO SERGIO CAMACHO DUERI|110|0|315101000379557|4000|0|4000|0|4000|520|0|1
1|2|01/07/2020|1020255020|TELECEL S.A.|1982497|0|416401900213892|420|0|420|0|420|54.6|0B-0F-D0-6F-9F|1
1|3|01/07/2020|6327936014|JORGE LUIS MENDUIÑA BARRIGA|5|0|265601000355769|960|0|960|0|960|124.8|11-60-CD-2F|1
1|4|02/07/2020|178236027|POTENCIA INDUSTRIAL S.R.L.|3251|0|262101000176173|315|0|315|0|315|40.95|0|1
1|5|02/07/2020|178236027|POTENCIA INDUSTRIAL S.R.L.|3252|0|262101000176173|315|0|315|0|315|40.95|0|1
1|6|03/07/2020|4330874010|CARLA ALEJANDRA FLORES CHUMACERO|1247|0|288101000091525|18|0|18|0|18|2.34|0|1
1|7|03/07/2020|349989012|SUSANA MEJIA ARO|1422|0|141101000080826|1550|0|1550|0|1550|201.5|0|1
1|8|07/07/2020|1020115028|EPSAS S.A.|191568|0|299401000021315|203.4|0|203.4|0|203.4|26.442|59-3C-32-C5-BA|1
1|9|07/07/2020|191308023|AMBIENTE LABORAL INTERNACIONAL S.R.L.|186|0|359601600009556|3897.6|0|3897.6|0|3897.6|506.688|9B-23-F4-9D|1
1|10|07/07/2020|1020613020|DELAPAZ S.A.|1253684|0|296401000011008|2704.6|188.33|2516.27|0|2516.27|327.1151|06-74-CF-27-39|1
1|11|07/07/2020|1020149020|BANCO BISA S.A.|15767|0|419401000022519|28|0|28|0|28|3.64|7F-F8-39-29-ED|1
1|12|07/07/2020|678366017|NELSON ADOLFO CAMPUZANO FERNANDEZ|9381|0|415101900016989|90|0|90|0|90|11.7|0|1
1|13|08/07/2020|4382318018|DANIEL HUGO VARGAS GUARDIA|71|0|369601600072906|1512|0|1512|0|1512|196.56|1F-CD-90-CA-9C|1
1|14|08/07/2020|6327936014|JORGE LUIS MENDUIÑA BARRIGA|8|0|265601000355769|816|0|816|0|816|106.08|44-31-73-23-72|1
1|15|09/07/2020|191308023|AMBIENTE LABORAL INTERNACIONAL S.R.L.|187|0|359601600009556|2923.2|0|2923.2|0|2923.2|380.016|B3-6B-C1-B8|1
1|16|10/07/2020|6327936014|JORGE LUIS MENDUIÑA BARRIGA|10|0|265601000355769|840|0|840|0|840|109.2|C2-0D-A7-5D-AF|1
1|17|13/07/2020|142111129|WEBLINK S.R.L.|152|0|354401000054960|6272|0|6272|0|6272|815.36|D2-0D-7F-49|1
1|18|13/07/2020|1975620013|FIDEL LARA GUZMAN|4601|0|369101000287559|6450|0|6450|0|6450|838.5|0|1
1|19|13/07/2020|4316894016|YANETA ZARATE LAURA DE GIACOMAN|1763|0|289101000045221|1080|0|1080|0|1080|140.4|0|1
1|20|13/07/2020|1022039027|CORPORACION BOLIVIANA DE FARMACIAS S.A.|8791|0|271401000355764|173.7|0|173.7|0|173.7|22.581|94-48-05-8B-94|1
1|21|13/07/2020|4309099015|MARIO SAMUEL QUISPE CRUZ|401|0|368101000100905|500|0|500|0|500|65|0|0
1|22|14/07/2020|1020149020|BANCO BISA S.A.|18788|0|419401000022519|68.6|0|68.6|0|68.6|8.918|9D-F2-03-E4-34|1
1|23|14/07/2020|1030091029|CAMARA DEPARTAMENTAL DE INDUSTRIAS ORURO|180|0|315101900330754|6751.2|0|6751.2|0|6751.2|877.656|0|1
1|24|14/07/2020|2612775018|REYNALDO FLORES|408|0|369101000286201|1200|0|1200|0|1200|156|0|1
1|25|14/07/2020|3570044012|BENJAMIN JOEL TORRICO HERBAS|8|0|369601900180786|4176|0|4176|0|4176|542.88|D4-DA-6F-EC-5F|1
1|26|14/07/2020|4327620011|RENZO DEL CARPIO JALDIN|404|0|369101000282235|2505.6|0|2505.6|0|2505.6|325.728|0|1
1|27|14/07/2020|4380091012|JORGE DANIEL MEJIA NAVIA|408|0|369101000283749|2000|0|2000|0|2000|260|0|1
1|28|14/07/2020|1024731022|CASCADA DEL SUR S.A.|71041|0|121101000022375|26|0|26|0|26|3.38|0|1
1|29|14/07/2020|4327620011|RENZO DEL CARPIO JALDIN|403|0|369101000282235|4176|0|4176|0|4176|542.88|0|1
1|30|14/07/2020|4734778018|LIDIA JUSTINIANO BANEGAS|6050|0|257101000105578|56|0|56|0|56|7.28|0|1
1|31|14/07/2020|6327936014|JORGE LUIS MENDUIÑA BARRIGA|13|0|265601000355769|560|0|560|0|560|72.8|76-57-85-BB-F6|1
1|32|14/07/2020|4028674018|MIGUEL ANGEL PINTO FERNANDEZ|1998|0|415101000019971|30|0|30|0|30|3.9|0|1
1|33|15/07/2020|3303263017|BLADIMIR PABLO CARRASCO QUINTANA|122|0|357401000308707|7000|0|7000|0|7000|910|1E-F9-53-5C-B9|1
1|34|15/07/2020|4880453010|JOSE ARMANDO ZAPATA AVILES|11|0|369601900165878|1512|0|1512|0|1512|196.56|DE-46-8C-42|1
1|35|15/07/2020|1028627025|HIPERMAXI S.A.|3693|0|263401000108101|36.5|0|36.5|0|36.5|4.745|CC-EC-CO-40-BD|1
1|36|15/07/2020|1023013022|CAJA PETROLERA DE SALUD|46|0|445401000034161|300|0|300|0|300|39|76-C2-38-63|1
1|37|15/07/2020|1023013022|CAJA PETROLERA DE SALUD|45|0|445401000034161|300|0|300|0|300|39|C3-90-09-8C|1
1|38|15/07/2020|2285914014|MIRIAM CRISTEL LINARES PONCE|1|0|369601000316548|2000|0|2000|0|2000|260|C7-AA-95-F4-4A|1
1|39|16/07/2020|3205530013|JOSE LUIS GUTIERREZ PEREIRA|2241|0|372101000024017|10000|0|10000|0|10000|1300|0|1
1|40|16/07/2020|3440079011|LUIS FERNANDO JUSTINIANO PEÑARANDA|171|0|468601600035181|2000|0|2000|0|2000|260|08-81-38-F4-98|1
1|41|16/07/2020|3784578013|MIRKO JEAN PEREDO RIVAS|257|0|369101000289188|2000|0|2000|0|2000|260|0|1
1|42|16/07/2020|146588023|TRANS COPACABANA S.A.|1922|0|393401000622235|30|0|30|0|30|3.9|3A-76-E8-6E-48|1
1|43|16/07/2020|1028627025|HIPERMAXI S.A.|4379|0|263401000107772|52.8|0|52.8|0|52.8|6.864|4A-C4-CA-D2-FD|1
1|44|17/07/2020|3613046014|GIULIANO CHRISTIAN FIGUEROA PEREDO|42|0|369601600059472|2000|0|2000|0|2000|260|7D-C1-56-3D-43|1
1|45|17/07/2020|55159120|JIMENA ALEJANDRA TORREZ MURILLO|162|0|369601600088542|1512|0|1512|0|1512|196.56|75-67-B3-FF|1
1|46|17/07/2020|1028733026|SUPER SUR FIDALGA S.R.L.|34686|0|263401000094414|500|0|500|0|500|65|6C-C4-1A-9F|1
1|47|17/07/2020|5515912012|JIMENA ALEJANDRA TORREZ MURILLO|163|0|369601600088542|2000|0|2000|0|2000|260|25-F3-A1-F8-06|1
1|48|17/07/2020|5839160012|DIEGO ALBERTO ROSSELL VARGAS|462|0|463101000253814|60|0|60|0|60|7.8|0|1
1|49|18/07/2020|3658859018|TOTEM INGENIERIA Y CONSTRUCCION|29|0|369601600140471|2000|0|2000|0|2000|260|90-6B-F3-58-EA|1
1|50|19/07/2020|5043988019|ALEJANDRA MARIEL SANCHEZ CAMPERO|42|0|369601700001412|2000|0|2000|0|2000|260|11-91-40-30-91|1
1|51|20/07/2020|1020149020|BANCO BISA S.A.|21004|0|419401000022519|5|0|5|0|5|0.65|18-9A-BB-AE-40|1
1|52|20/07/2020|1020149020|BANCO BISA S.A.|21003|0|419401000022519|650|0|650|0|650|84.5|EC-48-5E-81-54|1
1|53|20/07/2020|6089959016|GONZALO MARCELO ROMERO ROCHA|15|0|369601900177054|2000|0|2000|0|2000|260|14-71-F0-29|1
1|54|20/07/2020|4866532019|UBY USCAMAYTA URIZACARI|203|0|369101900256340|2923.2|0|2923.2|0|2923.2|380.016|0|1
1|55|20/07/2020|5953994014|CARLA STEPHANY VARGAS MERCADO|4|0|369601800000802|2000|0|2000|0|2000|260|68-59-88-31-CA|1
1|56|20/07/2020|361673029|WELDINTEST S.R.L.|267|0|163101000030286|630|0|630|0|630|81.9|0|1
1|57|20/07/2020|4834300013|DELFIN GREGORIO MAMANI MAJI|601|0|368101000099667|800|0|800|0|800|104|0|1
1|58|20/07/2020|1020541029|KETAL S.A.|20965|0|263401000102128|110.6|0|110.6|0|110.6|14.378|91-D1-BA-2B-19|1
1|59|20/07/2020|3336351015|LUIS HERNAN CERRUTO MEAVE|166|0|265601600100435|630|0|630|0|630|81.9|F0-8E-5F-40|1
1|60|20/07/2020|6978506019|BARBARA MAVIE CEREZO ATILA|30|0|265101000351748|570|0|570|0|570|74.1|0|1
1|61|20/07/2020|217220027|COMPUMUNDO SRL|3838|0|275101000320017|650|0|650|0|650|84.5|0|1
1|62|21/07/2020|313250024|HARLEY SECURITY S.R.L.|1212|0|372101000024404|4300|0|4300|0|4300|559|0|1
1|63|21/07/2020|4309099015|MARIO SAMUEL QUISPE CRUZ|402|0|368101000100905|500|0|500|0|500|65|0|0
1|64|21/07/2020|1890507014|HUGO PORFIDIO GUERRERO POSTIGO|125|0|369601600036009|1600|0|1600|0|1600|208|2F-92-41-D1|1
1|65|21/07/2020|195722026|PROVITEC S.R.L.|18868|0|372101000023237|720|0|720|0|720|93.6|0|1
1|66|21/07/2020|4755146017|JOSE LUIS ARAMAYO ASCARRUNZ VEDIA|854|0|372101000024807|4000|0|4000|0|4000|520|0|1
1|67|21/07/2020|3385104016|YAMAL OMAR CASTELLON VALERO|360|0|369101900307211|2000|0|2000|0|2000|260|0|1
1|68|21/07/2020|176688020|SEDEM|2959|0|445401000032158|6000|0|6000|0|6000|780|6E-E4-50-6B|1
1|69|21/07/2020|176688020|SEDEM|2960|0|445401000032158|6000|0|6000|0|6000|780|F8-6F-E5-45-00|1
1|70|21/07/2020|1005003020|CONTRALORIA GENERAL DEL ESTADO|6622|0|445401000032686|350|0|350|0|350|45.5|79-32-01-FA-BA|1
1|71|21/07/2020|297860029|COMPAÑIA DE SEGUROS DE VIDA FORTALEZA S.A.|76|0|426401000056646|584.64|0|584.64|0|584.64|76.0032|C5-C4-F8-B9-9C|1
1|72|21/07/2020|2634213010|JAQUELINE MARIA GUTIERREZ CESPEDES DE VILLANUEVA|19|0|272101000351691|600|0|600|0|600|78|0|1
1|73|21/07/2020|2634213010|JAQUELINE MARIA GUTIERREZ CESPEDES DE VILLANUEVA|21|0|272101000351691|480|0|480|0|480|62.4|0|1
1|74|22/07/2020|6242166017|KIMBERLY SANDOVAL PARDO|151|0|319101000073614|1600.8|0|1600.8|0|1600.8|208.104|0|1
1|75|22/07/2020|1005003020|CONTRALORIA GENERAL DEL ESTADO|7133|0|445401000032686|200|0|200|0|200|26|69-A7-EE-62-83|1
1|76|22/07/2020|2638155016|INGENIERIA DE CONSERVACION DE ACTIVOS|357|0|468101000172295|2000|0|2000|0|2000|260|0|1
1|77|22/07/2020|1020613020|DELAPAZ S.A.|1305299|0|296401000011008|33.7|2|31.7|0|31.7|4.121|AF-D2-3E-F4-A9|1
1|78|22/07/2020|2634213010|JAQUELINE MARIA GUTIERREZ CESPEDES DE VILLANUEVA|36|0|272101000351691|480|0|480|0|480|62.4|0|1
1|79|23/07/2020|1020149020|BANCO BISA S.A.|23734|0|419401000022519|650|0|650|0|650|84.5|3D-61-03-B4|1
1|80|23/07/2020|4309099015|MARIO SAMUEL QUISPE CRUZ|404|0|368101000100905|1000|0|1000|0|1000|130|0|0
1|81|24/07/2020|3459342019|FABIANA LORENA ARAOZ ESPAÑA|532|0|375101000122033|400|0|400|0|400|52|0|1
1|82|24/07/2020|151178020|QUIMITEC LTDA.|1268|0|375101000129427|300|0|300|0|300|39|0|1
1|83|24/07/2020|151178020|QUIMITEC LTDA.|1270|0|375101000129427|180|0|180|0|180|23.4|0|1
1|84|24/07/2020|151178020|QUIMITEC LTDA.|1269|0|375101000129427|180|0|180|0|180|23.4|0|1
1|85|24/07/2020|6298608011|LIDIA ALVAREZ SANTILLAN|77|0|265601000315462|600|0|600|0|600|78|6F-51-22-12|1
1|86|24/07/2020|2763530011|MARTHA MENDEZ LECLERE|45|0|369601800033354|723.8|0|723.8|0|723.8|94.094|41-74-05-0A-8E|1
1|87|24/07/2020|1028691022|URRUTIBEHETY LTDA. COMP. DE LIMPIEZA INDUSTRIAL|103|0|364401000046138|6440|0|6440|0|6440|837.2|DD-87-F2-97-14|1
1|88|24/07/2020|1020149020|BANCO BISA S.A.|24488|0|419401000022519|68.6|0|68.6|0|68.6|8.918|B3-5A-B8-35-95|1
1|89|25/07/2020|1020397027|ADMINISTRADORA DE TARJETAS DE CREDITO S.A.|772|0|431801000039788|225.04|0|225.04|0|225.04|29.2552|7E-4F-8B-EA|1
1|90|25/07/2020|4382318018|DANIEL HUGO VARGAS GUARDIA|72|0|369601600072906|1512|0|1512|0|1512|196.56|07-43-E1-31-7B|1
1|91|27/07/2020|392035023|DILREY CARGA S.R.L.|101|0|393101000614677|985|0|985|0|985|128.05|0|1
1|92|27/07/2020|191308023|AMBIENTE LABORAL INTERNACIONAL S.R.|189|0|359601600009556|3841.92|0|3841.92|0|3841.92|499.4496|0|1
1|93|27/07/2020|157802026|BEST STORE CITY S.R.L.|26651|0|275101000323268|274.48|0|274.48|0|274.48|35.6824|0|1
1|94|27/07/2020|157802026|BEST STORE CITY S.R.L.|26648|0|275101000323268|210.47|0|210.47|0|210.47|27.3611|0|1
1|95|27/07/2020|157802026|BEST STORE CITY S.R.L.|26649|0|275101000323268|331.44|0|331.44|0|331.44|43.0872|0|1
1|96|27/07/2020|3474262010|NITON MARIO LARA ENDARA|6517|0|268101000312173|308|0|308|0|308|40.04|0|1
1|97|28/07/2020|7685180013|MARIA ALEJANDRA SPINATTO PAZ|4|0|361601000138542|3000|0|3000|0|3000|390|36-17-10-9B|0
1|98|28/07/2020|4834300013|DELFIN GREGORIO MAMANI MAJI|602|0|368101000099667|800|0|800|0|800|104|0|1
1|99|29/07/2020|3892028015|MARCELA FABIANA PEREZ HURTADO|4417|0|391101000021836|759.8|0|759.8|0|759.8|98.774|0|1
1|100|29/07/2020|1020149020|BANCO BISA S.A.|9793|0|419801000025535|70.33|0|70.33|0|70.33|9.1429|5E-B3-00-16-56|1
1|101|29/07/2020|1007135023|LABCLINICS S.R.L.|2753|0|375401000128953|350|0|350|0|350|45.5|95-E2-E4-53-D9|1
1|102|29/07/2020|3892028015|MARCELA FABIANA PEREZ HURTADO|4416|0|391101000021836|75.4|0|75.4|0|75.4|9.802|0|1
1|103|29/07/2020|3784578013|MIRKO JEAN PEREDO RIVAS|258|0|369101000289188|2000|0|2000|0|2000|260|0|1
1|104|29/07/2020|4380091012|JORGE DANIEL MEJIA NAVIA|410|0|369101000283749|2000|0|2000|0|2000|260|0|1
1|105|29/07/2020|3034242013|LUISA VANESSA PAOLA ERNALSTEEN VASQUEZ|1354|0|272101000345610|535|0|535|0|535|69.55|0|1
1|106|29/07/2020|381636024|GERBERB´S S.R.L.|365|0|364101000043969|6500|0|6500|0|6500|845|0|1
1|107|29/07/2020|1020289021|COTEL R.L.|464619|0|416401000249604|59.9|0|59.9|0|59.9|7.787|9F-BD-3A-6D|1
1|108|29/07/2020|1009379021|COMTECO R.L.|36046|0|416401000250796|13.36|0|13.36|0|13.36|1.7368|81-CA-B0-1F-4F|0
1|109|29/07/2020|1020289021|COTEL R.L.|464618|0|416401000249604|59.9|0|59.9|0|59.9|7.787|DC-0B-E9-F7|0
1|110|29/07/2020|1020289021|COTEL R.L.|410040|0|416401000249604|60.4|0.5|59.9|0|59.9|7.787|EE-59-E4-FE|0
1|111|29/07/2020|1020289021|COTEL R.L.|435728|0|416401000249604|244.7|0.5|244.2|0|244.2|31.746|0B-7F-34-ED-AF|0
1|112|29/07/2020|1020289021|COTEL R.L.|465566|0|416401000249604|59.9|0|59.9|0|59.9|7.787|C9-D4-32-F9-61|0
1|113|29/07/2020|1020289021|COTEL R.L.|440201|0|416401000249604|115.17|0.5|114.67|0|114.67|14.9071|90-94-44-9C-2A|0
1|114|29/07/2020|1020703023|EMPRESA NACIONAL DE TELECOMUNICACIONES S.A.|398894|0|416401000251208|36.96|0|36.96|0|36.96|4.8048|C5-09-56-95-B9|1
1|115|29/07/2020|1020703023|EMPRESA NACIONAL DE TELECOMUNICACIONES S.A.|652080|0|416401000251208|1.65|0|1.65|0|1.65|0.2145|4E-86-C4-FA-A3|0
1|116|29/07/2020|1020703023|EMPRESA NACIONAL DE TELECOMUNICACIONES S.A.|398897|0|416401000251208|33.96|0|33.96|0|33.96|4.4148|EE-0E-77-9D-AF|0
1|117|29/07/2020|1020703023|EMPRESA NACIONAL DE TELECOMUNICACIONES S.A.|575852|0|416401000251208|11.9|0|11.9|0|11.9|1.547|21-61-12-87-A5|0
1|118|29/07/2020|3892028015|MARCELA FABIANA PEREZ HURTADO|4415|0|391101000021836|2534.6|0|2534.6|0|2534.6|329.498|0|1
1|119|30/07/2020|3557673010|ALEJANDRO DANIEL RUIZ AZUGA|4|0|434601000047632|2000|0|2000|0|2000|260|41-0D-BD-9F-E8|1
1|120|30/07/2020|1005003020|CONTRALORIA GENERAL DEL ESTADO|8499|0|445401000032686|350|0|350|0|350|45.5|7A-6B-99-87|1
1|121|30/07/2020|2963210011|ESITEL SERVICIOS DE INGENIERIA|4|0|369601000305518|1600|0|1600|0|1600|208|C3-69-45-0D|1
1|122|30/07/2020|6298608011|LIDIA ALVAREZ SANTILLAN|80|0|265601000315462|300|0|300|0|300|39|95-06-A4-05-1E|0
1|123|30/07/2020|3480892012|JAMES OSCAR APAZA HUANCA|10|0|369601900230033|2000|0|2000|0|2000|260|EE-59-29-5F-FD|1
1|124|30/07/2020|3658859018|TOTEM INGENIERIA Y CONSTRUCCION|30|0|369601600140471|1512|0|1512|0|1512|196.56|0a-8d-9b-8d-56|1
1|125|30/07/2020|3613046014|GIULIANO CHRISTIAN FIGUEROA PEREDO|43|0|369601600059472|2000|0|2000|0|2000|260|DA-CF-C7-69-C4|1
1|126|30/07/2020|5199138018|DIALIBOR MILIVOY WALTER CEZAREO SALAZAR|12|0|369601900192148|2000|0|2000|0|2000|260|E8-89-AF-0F-56|1
1|127|30/07/2020|3440079011|LUIS FERNANDO JUSTINIANO PEÑARANDA|172|0|468601600035181|1512|0|1512|0|1512|196.56|FB-51-79-64-3A|1
1|128|30/07/2020|4811793012|MARCELA ESPINOZA ALMAZAN|6|0|369601000297882|1512|0|1512|0|1512|196.56|F0-CF-07-AC-15|1
1|129|30/07/2020|139435029|COMPLET TRANSOFT LTDA.|78961|0|389401000095163|50|0|50|0|50|6.5|34-57-D6-37-B5|1
1|130|30/07/2020|1030555027|CAJA PETROLERA DE SALUD|399|0|444401000003895|900|0|900|0|900|117|C9-65-36-0A-27|1
1|131|30/07/2020|1007135023|LABCLINICS S.R.L.|2894|0|375401000128953|350|0|350|0|350|45.5|22-91-9F-C9-FF|1
1|132|31/07/2020|4305261011|PC-CONSULTING|91|0|369601600003785|2000|0|2000|0|2000|260|27-7F-21-B0-24|1
1|133|31/07/2020|6089959016|GONZALO MARCELO ROMERO ROCHA|17|0|369601900177054|1600|0|1600|0|1600|208|C7-C2-FA-F6|1
1|134|31/07/2020|4382318018|DANIEL HUGO VARGAS GUARDIA|73|0|369601600072906|1512|0|1512|0|1512|196.56|0E-C4-E0-25|1
1|135|31/07/2020|2963210011|ESITEL SERVICIOS DE INGENIERIA|5|0|369601000305518|2000|0|2000|0|2000|260|95-F6-F2-79|1
1|136|31/07/2020|1028483024|NACIONAL SEGUROS VIDA Y SALUD S.A.|252|0|426401000056937|451.01|0|451.01|0|451.01|58.6313|D4-EA-2A-57-B8|1
1|137|31/07/2020|1028557028|CLINICA NIÑO JESUS S.A.|38073|0|375101000117566|800|0|800|0|800|104|0|1
